# Time-averaged data for fix myat1
# TimeStep v_kinetic_energy v_potential_energy v_pressure
90 0.560081 -1.70784 0.252907
100 0.749309 -1.55828 0.90062
110 0.867976 -1.46878 1.25506
120 0.918745 -1.45 1.27668
130 0.963443 -1.41765 1.3246
140 0.953632 -1.41695 1.26198
150 0.984004 -1.40575 1.23869
160 0.985563 -1.37112 1.2916
170 0.970627 -1.38874 1.19915
180 0.952692 -1.3979 1.14061
190 0.955309 -1.38588 1.17306
200 0.998806 -1.37035 1.22561
210 1.00433 -1.36857 1.19466
220 0.976685 -1.36287 1.17801
230 1.02585 -1.35305 1.21234
240 1.01653 -1.3783 1.11623
250 1.00792 -1.3421 1.23153
260 1.01781 -1.35602 1.16362
270 1.03041 -1.31805 1.2561
280 1.0615 -1.33107 1.19964
290 1.05124 -1.34455 1.11454
300 1.03489 -1.34359 1.10238
310 1.03241 -1.35746 1.06107
320 1.01585 -1.32788 1.15968
330 0.985619 -1.32691 1.14672
340 1.01424 -1.34295 1.08948
350 0.970329 -1.35177 1.01845
360 0.971601 -1.34856 1.02465
370 0.98148 -1.34617 1.03407
380 0.98273 -1.36849 0.952614
390 1.0323 -1.35702 1.00108
400 1.00091 -1.34379 1.01606
410 1.01332 -1.32578 1.06686
420 1.0391 -1.36286 0.937914
430 1.03395 -1.37037 0.915134
440 1.00616 -1.32236 1.07211
450 1.01596 -1.3443 1.00525
460 0.998511 -1.34776 0.990336
470 0.941376 -1.34548 0.941956
480 0.999942 -1.34709 0.933509
490 0.965681 -1.33672 0.945065
500 1.03775 -1.33144 0.987073
510 0.993664 -1.33361 0.97807
520 1.04068 -1.34282 0.975747
530 1.03356 -1.36254 0.907914
540 0.972768 -1.33918 0.945275
550 0.994502 -1.35117 0.895667
560 0.963834 -1.3593 0.83434
570 0.987826 -1.35737 0.848296
580 1.00455 -1.3485 0.866143
590 1.02691 -1.32985 0.926377
600 0.979145 -1.32749 0.911048
610 1.03075 -1.32985 0.911589
620 0.977445 -1.34065 0.858667
630 0.982585 -1.33857 0.873103
640 0.985668 -1.35162 0.834691
650 1.03354 -1.3572 0.843111
660 1.01093 -1.35704 0.827937
670 0.972135 -1.32847 0.904071
680 0.989536 -1.31165 0.956372
690 0.993263 -1.32298 0.904559
700 0.999819 -1.34963 0.805419
710 0.972149 -1.34355 0.815495
720 0.987829 -1.34281 0.849302
730 0.96349 -1.33255 0.900415
740 0.996759 -1.34311 0.876458
750 0.989196 -1.32509 0.936436
760 1.03362 -1.37132 0.803288
770 1.06258 -1.35854 0.860208
780 1.03459 -1.32607 0.953923
790 1.02104 -1.35684 0.861401
800 0.940188 -1.35139 0.824052
810 0.981876 -1.35862 0.801531
820 0.984542 -1.32434 0.907345
830 0.972554 -1.34252 0.830419
840 0.995593 -1.3374 0.881877
850 0.98385 -1.33895 0.867657
860 0.966625 -1.34088 0.815152
870 1.00468 -1.33562 0.837199
880 0.995257 -1.33137 0.853711
890 1.01823 -1.31588 0.930405
900 1.02756 -1.32846 0.911272
910 1.00716 -1.31986 0.956959
920 1.04238 -1.31299 1.0114
930 1.03869 -1.3311 0.944792
940 1.01774 -1.33245 0.914612
950 0.994015 -1.31851 0.956315
960 1.00832 -1.3012 1.01487
970 1.03076 -1.31057 0.987204
980 0.989737 -1.28252 1.06509
990 1.00024 -1.28517 1.03978
1000 0.999479 -1.28836 1.01563
1010 0.989428 -1.29082 1.00687
1020 1.00028 -1.31818 0.88973
1030 1.0287 -1.34917 0.764284
1040 0.98578 -1.35514 0.715246
1050 0.974663 -1.35801 0.71372
1060 0.987844 -1.36465 0.705387
1070 0.951846 -1.33515 0.808428
1080 1.0084 -1.33217 0.861321
1090 0.9939 -1.34299 0.840757
1100 0.993117 -1.33561 0.87981
1110 0.994054 -1.3502 0.852876
1120 0.99992 -1.33836 0.908547
1130 0.965497 -1.3281 0.916017
1140 0.939099 -1.34923 0.822422
1150 1.01958 -1.36113 0.827607
1160 0.999512 -1.3416 0.897623
1170 1.00899 -1.31761 0.965226
1180 1.02532 -1.34233 0.851332
1190 1.02453 -1.33269 0.875848
1200 1.03675 -1.32526 0.905954
1210 0.993417 -1.34489 0.814199
1220 0.99063 -1.33994 0.832233
1230 0.99998 -1.32855 0.880803
1240 0.997846 -1.35016 0.793629
1250 1.0072 -1.36108 0.749769
1260 0.98964 -1.3588 0.745029
1270 0.999981 -1.34703 0.798172
1280 0.990403 -1.33492 0.843386
1290 0.96468 -1.34513 0.824978
1300 0.968424 -1.36599 0.777237
1310 1.00795 -1.35288 0.86984
1320 1.00508 -1.34267 0.917996
1330 1.00124 -1.337 0.924902
1340 0.995365 -1.34773 0.854768
1350 0.995668 -1.34181 0.842737
1360 0.97978 -1.33003 0.842372
1370 0.99654 -1.32543 0.840848
1380 0.969955 -1.3256 0.822375
1390 0.953799 -1.33575 0.796021
1400 0.953198 -1.32629 0.851167
1410 1.00267 -1.33254 0.866842
1420 0.983759 -1.32311 0.911278
1430 0.981604 -1.31801 0.92934
1440 1.01008 -1.31917 0.915342
1450 0.954629 -1.31881 0.881514
1460 0.998697 -1.33265 0.844913
1470 1.0011 -1.33618 0.832852
1480 0.997629 -1.31209 0.914005
1490 1.01366 -1.31916 0.893585
1500 1.00271 -1.33844 0.790456
1510 0.96796 -1.3471 0.729548
1520 0.978104 -1.34743 0.73167
1530 0.976219 -1.33893 0.783228
1540 1.00962 -1.33624 0.832377
1550 1.01865 -1.3333 0.855613
1560 1.01933 -1.31877 0.912392
1570 0.99623 -1.33365 0.857227
1580 0.973871 -1.31359 0.907554
1590 0.982108 -1.31266 0.898283
1600 0.966421 -1.30925 0.8754
1610 1.01205 -1.32238 0.849713
1620 1.01603 -1.32185 0.870848
1630 1.0102 -1.31457 0.904648
1640 1.02617 -1.28646 1.0071
1650 0.998872 -1.33288 0.823292
1660 0.993904 -1.33025 0.794922
1670 0.942262 -1.34401 0.735652
1680 0.942755 -1.33922 0.765616
1690 1.0239 -1.33538 0.819344
1700 1.00375 -1.32244 0.85759
1710 0.991644 -1.33435 0.814279
1720 1.01414 -1.32839 0.827713
1730 1.00472 -1.33261 0.783752
1740 1.04596 -1.32728 0.802192
1750 1.00275 -1.29918 0.885372
1760 1.02149 -1.3154 0.833439
1770 1.027 -1.3229 0.822802
1780 0.980549 -1.31435 0.856012
1790 0.955477 -1.30303 0.904711
1800 0.975403 -1.30423 0.915087
1810 0.998499 -1.30334 0.926142
1820 1.00388 -1.28546 0.966858
1830 0.997312 -1.2907 0.920728
1840 1.00876 -1.30049 0.855008
1850 0.961761 -1.32375 0.733532
1860 0.94352 -1.34634 0.64797
1870 0.931579 -1.32277 0.726411
1880 0.950976 -1.33196 0.707546
1890 0.993057 -1.34408 0.704592
1900 0.985818 -1.3293 0.765874
1910 0.990226 -1.33137 0.764558
1920 0.963168 -1.30653 0.839763
1930 1.00871 -1.31919 0.80302
1940 0.961635 -1.31704 0.794078
1950 0.990245 -1.32403 0.787822
1960 1.00119 -1.31573 0.835396
1970 0.969759 -1.31249 0.833435
1980 1.00638 -1.32103 0.820558
1990 0.997426 -1.30474 0.863805
2000 1.04155 -1.32202 0.825015
2010 0.993173 -1.31823 0.831041
2020 0.963111 -1.30858 0.85817
2030 0.999483 -1.32771 0.8208
2040 0.981499 -1.31988 0.837848
2050 0.956109 -1.32569 0.811079
2060 0.927802 -1.32292 0.823198
2070 0.967521 -1.31916 0.842065
2080 1.00371 -1.33013 0.798621
2090 0.993052 -1.31798 0.803797
2100 1.00135 -1.32269 0.777162
2110 1.04931 -1.32936 0.790603
2120 1.02818 -1.31382 0.858982
2130 0.99508 -1.30291 0.881502
2140 1.00475 -1.31712 0.856363
2150 1.01324 -1.32069 0.867155
2160 0.973522 -1.33173 0.858819
2170 0.990249 -1.32668 0.901192
2180 0.992962 -1.32855 0.877153
2190 0.993174 -1.34719 0.801217
2200 1.01812 -1.3427 0.814207
2210 0.990189 -1.33735 0.80064
2220 1.02964 -1.34057 0.784275
2230 0.973978 -1.3384 0.758444
2240 1.01081 -1.32955 0.799836
2250 1.04506 -1.34709 0.765326
2260 1.05195 -1.33179 0.834796
2270 1.02902 -1.3212 0.864896
2280 0.990454 -1.31963 0.856334
2290 1.00011 -1.29535 0.93247
2300 1.03505 -1.30538 0.894852
2310 0.983055 -1.33009 0.787873
2320 0.975868 -1.32336 0.821948
2330 0.972921 -1.30751 0.878674
2340 1.01728 -1.32399 0.84754
2350 0.983245 -1.28223 0.973899
2360 0.959265 -1.31228 0.850674
2370 1.00487 -1.32853 0.802983
2380 1.02499 -1.34207 0.743599
2390 1.01098 -1.31316 0.835675
2400 0.985571 -1.30882 0.873584
2410 0.999365 -1.30266 0.913748
2420 1.0093 -1.30943 0.909914
2430 0.995482 -1.2877 1.00349
2440 0.998416 -1.30141 0.942926
2450 1.01373 -1.30677 0.936459
2460 0.991138 -1.33758 0.81273
2470 1.01322 -1.33495 0.808908
2480 1.02752 -1.32942 0.840395
2490 0.99241 -1.28974 0.951694
2500 0.993028 -1.3244 0.816484
2510 1.02832 -1.30599 0.883057
2520 1.0148 -1.30172 0.899341
2530 1.02563 -1.29538 0.921528
2540 0.980802 -1.31426 0.810205
2550 1.01738 -1.34159 0.709147
2560 0.973884 -1.33833 0.714485
2570 0.959631 -1.30506 0.838256
2580 0.972265 -1.32287 0.793704
2590 0.992924 -1.31214 0.862934
2600 1.00536 -1.316 0.876556
2610 1.04031 -1.30314 0.930278
2620 1.07884 -1.33145 0.844695
2630 1.0002 -1.31456 0.851435
2640 1.03042 -1.31389 0.86225
2650 1.00702 -1.33861 0.754945
2660 1.05118 -1.31624 0.848672
2670 1.01545 -1.3156 0.836992
2680 1.02094 -1.33128 0.767418
2690 0.966506 -1.31946 0.769943
2700 0.971233 -1.32126 0.775881
2710 0.994892 -1.28816 0.915064
2720 1.05526 -1.30907 0.849896
2730 1.01963 -1.30666 0.822973
2740 0.989948 -1.28323 0.878299
2750 1.05793 -1.30969 0.811716
2760 1.02519 -1.31267 0.786474
2770 0.999227 -1.29132 0.86231
2780 1.01945 -1.28297 0.898815
2790 1.01174 -1.27403 0.939311
2800 1.02783 -1.29483 0.865644
2810 1.00329 -1.32183 0.732455
2820 0.994252 -1.31703 0.731515
2830 0.993469 -1.31624 0.74377
2840 1.00491 -1.31362 0.749672
2850 0.994075 -1.31767 0.736687
2860 0.938979 -1.30427 0.767758
2870 0.990823 -1.32602 0.722977
2880 0.983879 -1.29903 0.818352
2890 1.0453 -1.29963 0.860252
2900 1.0177 -1.30308 0.83091
2910 1.02517 -1.32451 0.75114
2920 0.991289 -1.3091 0.793937
2930 1.00447 -1.30621 0.813147
2940 0.991077 -1.30878 0.798603
2950 0.98618 -1.32095 0.737843
2960 0.983311 -1.30816 0.776318
2970 1.00563 -1.29608 0.842862
2980 1.03987 -1.30122 0.843578
2990 1.00718 -1.30045 0.817356
3000 1.07178 -1.31153 0.79668
3010 1.00983 -1.27773 0.86695
3020 1.03598 -1.3101 0.761608
3030 1.003 -1.31158 0.743483
3040 0.993641 -1.29394 0.808367
3050 0.971222 -1.28312 0.826326
3060 0.9934 -1.29988 0.767904
3070 1.00619 -1.31285 0.721801
3080 0.988564 -1.30473 0.766695
3090 0.971456 -1.29013 0.852502
3100 0.945449 -1.30545 0.797799
3110 0.98347 -1.31178 0.797154
3120 0.963418 -1.28078 0.896615
3130 1.0041 -1.30977 0.837623
3140 1.04578 -1.31436 0.841401
3150 1.03196 -1.30652 0.845467
3160 0.998462 -1.29718 0.844702
3170 1.01797 -1.28991 0.866845
3180 0.966166 -1.29245 0.825511
3190 0.981398 -1.30578 0.780117
3200 1.01428 -1.29879 0.801568
3210 1.00105 -1.31294 0.733951
3220 1.01743 -1.3026 0.786688
3230 1.01517 -1.28038 0.893224
3240 1.049 -1.29039 0.885236
3250 1.04453 -1.29923 0.855004
3260 1.02096 -1.29786 0.829832
3270 0.991411 -1.31584 0.743088
3280 1.01853 -1.29376 0.835872
3290 0.97416 -1.28347 0.858923
3300 0.988343 -1.28949 0.850005
3310 1.00045 -1.29517 0.845261
3320 0.993727 -1.30918 0.793751
3330 1.02335 -1.31005 0.794775
3340 1.04057 -1.30449 0.83553
3350 0.969812 -1.29927 0.822845
3360 0.977758 -1.29183 0.834778
3370 0.958241 -1.32127 0.72174
3380 0.990947 -1.31612 0.739774
3390 0.961881 -1.3279 0.692447
3400 0.997258 -1.31803 0.759302
3410 1.01522 -1.29862 0.83523
3420 0.95443 -1.32254 0.726127
3430 0.978376 -1.32004 0.738255
3440 0.972937 -1.31265 0.758251
3450 0.986553 -1.31217 0.779109
3460 1.01679 -1.33587 0.690767
3470 1.03167 -1.32002 0.716089
3480 1.03085 -1.29473 0.818598
3490 1.02898 -1.27598 0.913483
3500 0.999981 -1.28881 0.858258
3510 1.01732 -1.29737 0.814092
3520 0.992731 -1.31023 0.732265
3530 1.00597 -1.30797 0.726427
3540 0.982207 -1.32067 0.679575
3550 0.998669 -1.30148 0.754331
3560 1.03384 -1.3046 0.767943
3570 1.00116 -1.29733 0.791369
3580 0.997312 -1.29559 0.802605
3590 0.990976 -1.30805 0.760931
3600 1.01477 -1.30569 0.7842
3610 0.977672 -1.2993 0.796661
3620 0.992071 -1.3071 0.78305
3630 0.995504 -1.29267 0.837378
3640 1.01602 -1.29072 0.84158
3650 1.02135 -1.27501 0.887678
3660 1.00522 -1.31211 0.753971
3670 1.00072 -1.28489 0.845255
3680 1.00892 -1.32035 0.744756
3690 1.01821 -1.31089 0.773122
3700 1.0494 -1.29287 0.861987
3710 0.975219 -1.27226 0.917286
3720 0.969783 -1.27713 0.886746
3730 0.964694 -1.29231 0.811455
3740 1.00365 -1.30784 0.77671
3750 1.00192 -1.29444 0.838452
3760 1.06084 -1.29954 0.852095
3770 1.02542 -1.30707 0.805321
3780 1.02565 -1.32096 0.762083
3790 1.01074 -1.31301 0.783879
3800 1.02508 -1.31109 0.793344
3810 0.982593 -1.31502 0.764693
3820 0.990233 -1.31655 0.754689
3830 1.00683 -1.30146 0.809722
3840 0.969074 -1.2899 0.828634
3850 0.994207 -1.29343 0.833311
3860 1.03271 -1.30385 0.84161
3870 0.996937 -1.29489 0.895863
3880 1.02927 -1.28703 0.952599
3890 1.01326 -1.29 0.929228
3900 1.0001 -1.29869 0.865963
3910 1.00159 -1.30429 0.826225
3920 1.03619 -1.31076 0.804189
3930 1.04443 -1.32734 0.738034
3940 1.00608 -1.31719 0.746736
3950 0.981259 -1.30146 0.779947
3960 0.969025 -1.30663 0.755001
3970 0.993156 -1.29228 0.819466
3980 1.00821 -1.29794 0.812267
3990 0.973329 -1.31138 0.763943
4000 1.00963 -1.31378 0.768586
4010 0.978218 -1.29273 0.851113
4020 0.986273 -1.30535 0.814313
4030 0.952604 -1.30323 0.816502
4040 1.04416 -1.32596 0.778484
4050 1.02435 -1.33469 0.732495
4060 0.999216 -1.30967 0.80998
4070 1.03165 -1.31703 0.791232
4080 1.02289 -1.3286 0.755141
4090 1.0313 -1.32698 0.777441
4100 1.00453 -1.31239 0.844493
4110 1.01405 -1.29642 0.935608
4120 1.03031 -1.3093 0.922036
4130 1.01937 -1.3139 0.923028
4140 1.00297 -1.28601 1.03887
4150 0.984024 -1.27381 1.07267
4160 1.00647 -1.29552 0.974386
4170 1.00055 -1.31568 0.87376
4180 0.991387 -1.34018 0.762627
4190 0.958377 -1.33819 0.744994
4200 0.959586 -1.31757 0.806759
4210 0.99791 -1.32555 0.785732
4220 0.992301 -1.33525 0.749576
4230 1.00004 -1.30039 0.877379
4240 1.00609 -1.3137 0.848565
4250 0.993055 -1.3031 0.878756
4260 0.95982 -1.29941 0.884607
4270 0.978196 -1.31777 0.821734
4280 0.991299 -1.32288 0.80154
4290 1.0181 -1.32189 0.818111
4300 0.950031 -1.31492 0.822665
4310 1.01185 -1.29988 0.880586
4320 1.02453 -1.32196 0.794739
4330 1.01567 -1.31639 0.805584
4340 1.03011 -1.30637 0.850131
4350 0.977869 -1.30442 0.83262
4360 0.98729 -1.32304 0.796197
4370 0.954009 -1.30043 0.862283
4380 1.00307 -1.32873 0.791153
4390 0.99731 -1.31956 0.837713
4400 0.978908 -1.31452 0.858697
4410 1.00465 -1.33428 0.798432
4420 0.998639 -1.32076 0.83539
4430 1.01438 -1.33821 0.773624
4440 1.05039 -1.31567 0.85496
4450 0.964402 -1.31626 0.830044
4460 0.988878 -1.31345 0.834717
4470 1.03642 -1.32881 0.786629
4480 1.01701 -1.29686 0.872223
4490 1.03248 -1.3285 0.775678
4500 1.03549 -1.3043 0.854502
4510 0.989135 -1.32006 0.781511
4520 1.01406 -1.34229 0.728088
4530 0.968958 -1.32265 0.774728
4540 1.00425 -1.34478 0.675137
4550 0.980809 -1.34606 0.631817
4560 1.00201 -1.34452 0.665002
4570 0.990168 -1.33067 0.713709
4580 0.98593 -1.30806 0.782322
4590 1.00606 -1.30871 0.78453
4600 0.968118 -1.32072 0.719578
4610 0.980785 -1.32082 0.722949
4620 0.98211 -1.32046 0.736903
4630 0.999921 -1.29784 0.83789
4640 1.01366 -1.30812 0.80797
4650 0.992752 -1.31736 0.739569
4660 0.980592 -1.31132 0.754695
4670 1.01086 -1.3145 0.74334
4680 1.02914 -1.32654 0.698479
4690 0.999423 -1.32001 0.706626
4700 1.02819 -1.31897 0.741504
4710 0.997556 -1.3128 0.764578
4720 1.0026 -1.30651 0.763191
4730 0.969408 -1.3122 0.702536
4740 1.00196 -1.31778 0.693217
4750 0.9994 -1.31332 0.722949
4760 0.947814 -1.31227 0.71022
4770 1.03972 -1.32345 0.712436
4780 0.990419 -1.32881 0.670837
4790 1.00776 -1.31459 0.731895
4800 0.994227 -1.30916 0.753992
4810 0.989208 -1.28135 0.853283
4820 1.02883 -1.29722 0.812792
4830 1.01593 -1.32 0.72323
4840 1.03995 -1.31484 0.759909
4850 1.041 -1.31012 0.807393
4860 1.01955 -1.26993 0.954402
4870 0.996399 -1.28993 0.848847
4880 1.01144 -1.31831 0.722794
4890 1.04405 -1.28937 0.818172
4900 1.04507 -1.3001 0.776646
4910 1.0047 -1.30206 0.746426
4920 0.988316 -1.3149 0.696572
4930 1.0176 -1.30975 0.744256
4940 0.980206 -1.28225 0.824793
4950 1.00611 -1.29001 0.804999
4960 0.980993 -1.29939 0.756928
4970 0.973708 -1.27609 0.835071
4980 0.990775 -1.31822 0.711754
4990 0.975034 -1.32697 0.675412
5000 1.01945 -1.32277 0.734133
5010 0.998433 -1.30753 0.80491
5020 1.01479 -1.31976 0.790612
5030 0.984741 -1.32043 0.800313
5040 0.963355 -1.28882 0.905233
5050 1.01798 -1.31837 0.811593
5060 1.02319 -1.33118 0.764975
5070 1.02431 -1.30688 0.848448
5080 1.05998 -1.32399 0.78775
5090 1.04125 -1.31167 0.81877
5100 1.02412 -1.30793 0.841666
5110 1.0516 -1.34655 0.731031
5120 1.03213 -1.34525 0.72756
5130 1.01227 -1.33879 0.736181
5140 0.987957 -1.33633 0.744151
5150 0.989693 -1.32732 0.78301
5160 0.995317 -1.30609 0.849396
5170 1.01107 -1.3351 0.739729
5180 1.02567 -1.3516 0.67571
5190 0.991612 -1.32321 0.769813
5200 1.02609 -1.31759 0.80083
5210 0.996535 -1.31843 0.781506
5220 0.991338 -1.34519 0.682117
5230 1.01717 -1.34047 0.70858
5240 0.978505 -1.32509 0.741721
5250 0.998926 -1.3365 0.709242
5260 0.998154 -1.33612 0.718499
5270 0.988402 -1.34119 0.696368
5280 0.983235 -1.32509 0.753141
5290 0.986384 -1.34636 0.701487
5300 0.957398 -1.35145 0.671208
5310 0.999754 -1.33313 0.755778
5320 0.97609 -1.31959 0.794606
5330 1.04408 -1.33957 0.752429
5340 0.98873 -1.33356 0.759333
5350 0.986852 -1.33318 0.748839
5360 0.979876 -1.337 0.748537
5370 0.979041 -1.31736 0.824494
5380 1.03467 -1.32988 0.809554
5390 1.01343 -1.32334 0.81857
5400 0.98958 -1.3341 0.783768
5410 0.999654 -1.32007 0.850495
5420 1.00495 -1.32571 0.834572
5430 0.958827 -1.33805 0.778241
5440 1.00253 -1.31574 0.882162
5450 0.995878 -1.3036 0.90359
5460 0.988431 -1.31893 0.82718
5470 1.00347 -1.31727 0.822409
5480 1.01169 -1.29626 0.89258
5490 1.0149 -1.3333 0.762437
5500 0.953988 -1.34294 0.709254
5510 0.974662 -1.33783 0.755789
5520 0.984082 -1.32746 0.808934
5530 0.985901 -1.31415 0.867739
5540 1.01173 -1.3332 0.821804
5550 0.997503 -1.33805 0.815403
5560 1.004 -1.34026 0.808067
5570 0.973752 -1.32857 0.819813
5580 1.00348 -1.31997 0.858452
5590 0.990481 -1.33048 0.78746
5600 0.994364 -1.34589 0.702007
5610 1.02753 -1.33037 0.767604
5620 1.0032 -1.31513 0.816795
5630 0.965864 -1.30688 0.847207
5640 0.984451 -1.3281 0.776271
5650 0.99631 -1.32593 0.779575
5660 0.996526 -1.31717 0.805223
5670 1.02215 -1.28482 0.923763
5680 0.981267 -1.31651 0.817649
5690 0.965637 -1.30906 0.816594
5700 0.989473 -1.32369 0.773236
5710 1.0221 -1.32356 0.80333
5720 1.00803 -1.32148 0.810813
5730 1.02228 -1.33874 0.773245
5740 0.985793 -1.31245 0.875467
5750 1.01198 -1.30801 0.90189
5760 1.00619 -1.32932 0.805979
5770 0.982171 -1.3184 0.827832
5780 0.992341 -1.32076 0.809476
5790 0.968194 -1.3462 0.691818
5800 1.01173 -1.33972 0.726332
5810 1.03742 -1.34444 0.73008
5820 1.00858 -1.33948 0.767303
5830 0.948511 -1.33145 0.799752
5840 1.00243 -1.32693 0.841328
5850 1.00314 -1.33026 0.817112
5860 0.94774 -1.29499 0.903743
5870 0.963467 -1.32767 0.785653
5880 0.991652 -1.33688 0.740655
5890 1.01841 -1.34242 0.720776
5900 1.00971 -1.31708 0.806785
5910 0.9972 -1.30321 0.846107
5920 1.01379 -1.30296 0.8458
5930 1.02467 -1.32972 0.760932
5940 1.03325 -1.30465 0.850794
5950 1.02999 -1.30321 0.858879
5960 1.04984 -1.32542 0.786126
5970 1.03564 -1.31788 0.803301
5980 1.00538 -1.29934 0.872089
5990 1.00313 -1.30503 0.866596
6000 0.990973 -1.29156 0.900359
6010 0.998978 -1.29401 0.895149
6020 1.02366 -1.28672 0.923773
6030 1.03285 -1.30244 0.853173
6040 1.0509 -1.27623 0.917488
6050 1.01835 -1.29816 0.823357
6060 1.04183 -1.29866 0.838006
6070 1.04064 -1.30692 0.84115
6080 1.03172 -1.29539 0.891265
6090 1.02045 -1.32226 0.798235
6100 1.02197 -1.33299 0.732928
6110 0.988309 -1.3107 0.792157
6120 0.976073 -1.30326 0.818225
6130 0.981366 -1.31737 0.766041
6140 0.987061 -1.31727 0.771527
6150 0.98812 -1.32324 0.750743
6160 0.979038 -1.33231 0.706034
6170 0.981675 -1.32829 0.710504
6180 0.986397 -1.32452 0.728588
6190 1.01034 -1.34048 0.693484
6200 1.00679 -1.33033 0.747057
6210 0.955683 -1.31534 0.807706
6220 1.02224 -1.33602 0.788248
6230 0.982309 -1.32847 0.798868
6240 0.995955 -1.3404 0.756282
6250 0.99996 -1.32266 0.808569
6260 0.975061 -1.34987 0.695301
6270 0.987065 -1.32448 0.766996
6280 0.981382 -1.33568 0.709664
6290 0.958267 -1.32935 0.713121
6300 1.00692 -1.34607 0.680886
6310 0.989776 -1.34336 0.691416
6320 1.00579 -1.34939 0.682345
6330 0.974271 -1.33225 0.735697
6340 1.0154 -1.32291 0.803573
6350 1.01835 -1.3351 0.767611
6360 1.01002 -1.32169 0.800314
6370 1.01298 -1.33879 0.759804
6380 0.992248 -1.33561 0.765944
6390 0.987652 -1.3295 0.783225
6400 1.0043 -1.29919 0.884369
6410 0.999514 -1.33505 0.75105
6420 0.983241 -1.34862 0.70177
6430 0.995974 -1.32465 0.804568
6440 0.974016 -1.30561 0.867014
6450 0.988947 -1.33318 0.788311
6460 0.959709 -1.34786 0.743475
6470 1.00982 -1.35797 0.730242
6480 1.02891 -1.3492 0.760802
6490 0.969777 -1.33656 0.794426
6500 0.983182 -1.33696 0.783757
6510 0.993286 -1.34151 0.773529
6520 1.0169 -1.35572 0.746586
6530 0.979363 -1.31052 0.900656
6540 1.02801 -1.31455 0.889428
6550 1.06484 -1.32689 0.825901
6560 1.00409 -1.32371 0.798996
6570 0.997268 -1.33464 0.758539
6580 1.01579 -1.3321 0.778878
6590 1.00566 -1.31864 0.81207
6600 1.00088 -1.33436 0.745215
6610 1.02712 -1.34057 0.731844
6620 0.997466 -1.33069 0.769048
6630 1.03517 -1.30575 0.865396
6640 1.03581 -1.31889 0.818891
6650 1.03242 -1.29813 0.909272
6660 0.987736 -1.32634 0.800221
6670 0.978431 -1.32729 0.79274
6680 0.996404 -1.34399 0.722099
6690 0.979367 -1.31623 0.803547
6700 1.02135 -1.31057 0.853246
6710 1.03022 -1.32278 0.805499
6720 0.994051 -1.33936 0.719276
6730 1.01002 -1.33507 0.724875
6740 1.02301 -1.32493 0.75524
6750 1.03181 -1.30629 0.821247
6760 1.04097 -1.3125 0.789215
6770 0.992778 -1.32935 0.6916
6780 0.975604 -1.33478 0.672055
6790 0.956107 -1.31433 0.742479
6800 0.966355 -1.31664 0.75499
6810 0.98673 -1.31447 0.783414
6820 1.00005 -1.34022 0.733174
6830 0.966232 -1.31357 0.830478
6840 1.0028 -1.33842 0.756135
6850 0.999274 -1.33188 0.777726
6860 0.97587 -1.30191 0.869576
6870 0.997359 -1.33176 0.769915
6880 0.978841 -1.30106 0.851525
6890 1.03305 -1.29738 0.886279
6900 1.05377 -1.31806 0.839183
6910 1.01803 -1.31447 0.847966
6920 1.00938 -1.32345 0.810278
6930 1.00544 -1.32289 0.808333
6940 1.00203 -1.3183 0.824774
6950 1.04495 -1.32859 0.780966
6960 0.999248 -1.31338 0.801683
6970 1.02069 -1.30133 0.841942
6980 1.02152 -1.30731 0.809804
6990 1.0219 -1.32208 0.745817
7000 0.975502 -1.30815 0.786041
7010 0.986245 -1.30721 0.807309
7020 1.05713 -1.30936 0.825951
7030 1.02121 -1.30032 0.844568
7040 0.997911 -1.29525 0.848317
7050 1.03323 -1.28487 0.878799
7060 0.990237 -1.28398 0.856828
7070 1.01728 -1.2871 0.862597
7080 1.05584 -1.30435 0.816481
7090 0.981389 -1.30435 0.804081
7100 0.959333 -1.31849 0.768236
7110 0.937758 -1.32732 0.73945
7120 0.942621 -1.31518 0.776981
7130 0.983048 -1.3214 0.763909
7140 0.969914 -1.31784 0.768811
7150 0.99569 -1.32298 0.763989
7160 1.03111 -1.30634 0.831696
7170 0.98744 -1.31769 0.769739
7180 1.00033 -1.3475 0.681153
7190 1.0272 -1.3212 0.798033
7200 1.00239 -1.30785 0.820166
7210 1.00669 -1.32803 0.731498
7220 0.978726 -1.33756 0.671833
7230 1.00507 -1.33582 0.694817
7240 0.985943 -1.29288 0.83703
7250 0.983014 -1.3234 0.726857
7260 0.949708 -1.31341 0.748678
7270 0.965272 -1.31264 0.765165
7280 1.00581 -1.33061 0.739688
7290 1.00141 -1.32127 0.793172
7300 0.97437 -1.30122 0.860948
7310 0.98509 -1.31098 0.820009
7320 1.00996 -1.32514 0.796226
7330 0.997943 -1.30884 0.839904
7340 1.03032 -1.31953 0.809581
7350 0.946535 -1.30439 0.805456
7360 0.982986 -1.30758 0.811109
7370 0.966197 -1.2924 0.8565
7380 0.993506 -1.31311 0.804461
7390 0.967221 -1.27008 0.953869
7400 0.994754 -1.29755 0.870127
7410 1.01611 -1.30092 0.863057
7420 1.00671 -1.29354 0.877706
7430 1.02228 -1.30137 0.854231
7440 1.03295 -1.33193 0.754746
7450 1.00327 -1.32307 0.787309
7460 0.968564 -1.31335 0.818698
7470 0.974645 -1.30971 0.819367
7480 0.993489 -1.32502 0.736684
7490 0.976859 -1.30883 0.774982
7500 1.02939 -1.32281 0.762605
7510 1.03054 -1.29878 0.86056
7520 1.05666 -1.3076 0.832499
7530 1.04289 -1.32652 0.750833
7540 1.00428 -1.31992 0.751868
7550 0.987597 -1.31223 0.762869
7560 0.994089 -1.30108 0.816219
7570 0.971308 -1.29875 0.82553
7580 1.0123 -1.28941 0.88201
7590 1.01381 -1.30216 0.829949
7600 1.02409 -1.33093 0.728101
7610 1.00109 -1.32227 0.729274
7620 1.00734 -1.30995 0.746177
7630 1.01146 -1.32348 0.690625
7640 0.970364 -1.31541 0.708802
7650 0.986298 -1.31888 0.715587
7660 0.989412 -1.31078 0.756145
7670 1.00092 -1.31613 0.738662
7680 0.991559 -1.30089 0.80152
7690 0.994079 -1.29941 0.816084
7700 1.00524 -1.31801 0.735456
7710 0.982658 -1.33739 0.638296
7720 0.950759 -1.32201 0.685236
7730 0.995621 -1.33133 0.701533
7740 0.964979 -1.31549 0.751622
7750 1.03419 -1.31657 0.774675
7760 1.04325 -1.3121 0.780199
7770 1.00843 -1.31551 0.761164
7780 1.0049 -1.28896 0.852918
7790 0.963687 -1.29544 0.812698
7800 1.02067 -1.32129 0.750193
7810 1.00396 -1.29089 0.845199
7820 1.01139 -1.2922 0.835481
7830 1.01458 -1.29838 0.78563
7840 0.977729 -1.28012 0.817991
7850 1.01228 -1.31246 0.718672
7860 0.976514 -1.29601 0.766171
7870 1.00811 -1.30465 0.747609
7880 1.02384 -1.31496 0.731557
7890 1.04076 -1.28854 0.831316
7900 0.996523 -1.29259 0.786798
7910 1.02438 -1.29678 0.780635
7920 0.991061 -1.29588 0.783074
7930 0.961356 -1.2991 0.762981
7940 0.988765 -1.29338 0.797103
7950 0.978327 -1.29223 0.81063
7960 1.00444 -1.30108 0.784175
7970 1.01198 -1.3028 0.782548
7980 0.981102 -1.31449 0.72799
7990 1.00434 -1.31452 0.728347
8000 1.00824 -1.30494 0.76993
8010 0.975807 -1.28144 0.846924
8020 1.0058 -1.29791 0.815058
8030 1.01299 -1.30764 0.783545
8040 0.959463 -1.28326 0.835331
8050 0.997865 -1.30417 0.784934
8060 1.00287 -1.30385 0.780498
8070 1.00492 -1.29385 0.800085
8080 0.960934 -1.28849 0.78445
8090 0.982405 -1.28922 0.787811
8100 1.00565 -1.31201 0.713941
8110 1.01282 -1.29171 0.785259
8120 0.992254 -1.31132 0.706877
8130 1.0135 -1.31426 0.689302
8140 0.983335 -1.29886 0.74785
8150 1.00057 -1.2905 0.81394
8160 1.00462 -1.27474 0.881195
8170 0.9889 -1.30195 0.784002
8180 1.00894 -1.29605 0.824826
8190 1.02011 -1.2981 0.846547
8200 1.01283 -1.27883 0.926145
8210 1.01125 -1.29307 0.892707
8220 1.00032 -1.29955 0.85321
8230 0.978738 -1.30043 0.815492
8240 0.995955 -1.31786 0.741936
8250 0.959237 -1.32651 0.688301
8260 0.994136 -1.33037 0.687526
8270 0.933715 -1.3105 0.742704
8280 0.964582 -1.31485 0.759391
8290 1.00256 -1.30546 0.810611
8300 0.977122 -1.31163 0.781853
8310 1.01559 -1.30107 0.835897
8320 1.00243 -1.30302 0.81578
8330 1.01782 -1.30308 0.790565
8340 0.979448 -1.29062 0.806084
8350 1.03395 -1.30381 0.790509
8360 0.96964 -1.30817 0.743059
8370 0.997067 -1.30796 0.777419
8380 1.01826 -1.31641 0.749985
8390 1.0297 -1.2891 0.851748
8400 1.00688 -1.31091 0.768646
8410 0.94437 -1.30358 0.781914
8420 1.02414 -1.30359 0.817445
8430 1.01057 -1.31546 0.767504
8440 0.977021 -1.32944 0.687988
8450 1.00644 -1.33502 0.694678
8460 0.97542 -1.32249 0.756124
8470 0.954477 -1.29072 0.886864
8480 0.997922 -1.30456 0.850065
8490 1.04194 -1.30885 0.84451
8500 1.03038 -1.3371 0.756086
8510 0.969155 -1.31852 0.798305
8520 1.00925 -1.33283 0.748006
8530 0.988139 -1.33189 0.734581
8540 1.00987 -1.31778 0.797172
8550 1.01903 -1.3281 0.762465
8560 1.04925 -1.31592 0.808285
8570 1.01423 -1.30031 0.842585
8580 1.00769 -1.30023 0.840466
8590 0.952641 -1.31631 0.758573
8600 0.931349 -1.32397 0.713285
8610 1.00122 -1.31682 0.765033
8620 0.997773 -1.31032 0.787623
8630 1.02148 -1.30675 0.809641
8640 1.01765 -1.31324 0.767245
8650 1.003 -1.30838 0.783538
8660 0.976731 -1.30787 0.776525
8670 1.02796 -1.32104 0.756335
8680 1.0281 -1.30129 0.840597
8690 0.997843 -1.31444 0.821491
8700 1.01006 -1.30405 0.871063
8710 0.970917 -1.30624 0.852188
8720 0.997877 -1.30089 0.889227
8730 1.03129 -1.3307 0.804296
8740 1.01812 -1.32825 0.800675
8750 0.981909 -1.31164 0.843384
8760 1.02103 -1.30318 0.877322
8770 0.979069 -1.30352 0.851198
8780 0.986118 -1.3206 0.787914
8790 0.947421 -1.32381 0.745222
8800 0.967357 -1.29859 0.826531
8810 1.01182 -1.31273 0.795583
8820 1.02342 -1.31254 0.808693
8830 1.01367 -1.31991 0.810143
8840 1.06482 -1.27994 0.988815
8850 1.00251 -1.30719 0.867266
8860 0.96426 -1.3152 0.803155
8870 0.952615 -1.30514 0.817713
8880 1.00475 -1.31574 0.77836
8890 1.02796 -1.30553 0.820648
8900 0.988094 -1.30138 0.837008
8910 1.02178 -1.32408 0.792628
8920 1.02526 -1.30438 0.849719
8930 1.0382 -1.31883 0.78543
8940 0.995663 -1.30894 0.786548
8950 0.961817 -1.30837 0.75945
8960 0.984705 -1.30882 0.779164
8970 1.01773 -1.31413 0.792606
8980 1.00761 -1.31381 0.792723
8990 1.01476 -1.32492 0.748656
9000 0.995291 -1.31739 0.760047
9010 1.03059 -1.29536 0.859763
9020 1.05328 -1.28797 0.920065
9030 1.02703 -1.30219 0.881298
9040 1.02115 -1.30376 0.886558
9050 1.01071 -1.28832 0.924944
9060 1.01125 -1.31114 0.808997
9070 1.0029 -1.31759 0.748053
9080 1.03766 -1.32721 0.720894
9090 0.991631 -1.32443 0.69972
9100 0.989765 -1.31199 0.723145
9110 1.02065 -1.32633 0.688823
9120 0.978238 -1.31377 0.743377
9130 0.964969 -1.32148 0.726167
9140 0.994806 -1.33182 0.694245
9150 0.996312 -1.30629 0.754934
9160 1.03776 -1.31345 0.744901
9170 1.02747 -1.30628 0.794092
9180 0.98509 -1.30102 0.817028
9190 0.991808 -1.31629 0.778821
9200 1.00374 -1.32958 0.730315
9210 1.00377 -1.33311 0.716213
9220 0.986585 -1.32652 0.727688
9230 0.999721 -1.31346 0.785546
9240 0.985677 -1.30063 0.830795
9250 0.965458 -1.32292 0.755723
9260 1.04084 -1.31479 0.801023
9270 1.03352 -1.32652 0.750452
9280 0.977722 -1.30776 0.803342
9290 1.00333 -1.3163 0.794142
9300 1.03364 -1.31501 0.813033
9310 1.02317 -1.32831 0.753605
9320 0.993662 -1.33756 0.700213
9330 0.964616 -1.33505 0.700606
9340 0.985558 -1.32617 0.738445
9350 0.975744 -1.30208 0.798708
9360 0.993439 -1.3118 0.772168
9370 0.993308 -1.31203 0.776367
9380 0.974828 -1.31834 0.740263
9390 0.993784 -1.29563 0.828505
9400 1.00913 -1.30067 0.802676
9410 1.02618 -1.31666 0.735835
9420 1.04996 -1.3322 0.679588
9430 0.999891 -1.31652 0.7098
9440 1.02763 -1.32067 0.717151
9450 0.999725 -1.3154 0.735797
9460 0.955547 -1.32004 0.725822
9470 1.00781 -1.3165 0.793797
9480 1.02404 -1.29016 0.913359
9490 1.01042 -1.3066 0.828229
9500 1.00986 -1.30119 0.828887
9510 1.01293 -1.31941 0.77276
9520 1.0484 -1.33347 0.727397
9530 1.00271 -1.34051 0.670054
9540 0.961692 -1.31842 0.731218
9550 0.961014 -1.34585 0.632821
9560 0.946966 -1.33591 0.680367
9570 0.990553 -1.33132 0.753018
9580 0.986435 -1.30784 0.842477
9590 0.984805 -1.29817 0.873013
9600 1.01856 -1.31114 0.849838
9610 1.01832 -1.33041 0.75956
9620 1.01637 -1.32433 0.763847
9630 1.01492 -1.32823 0.758375
9640 1.00697 -1.3077 0.83979
9650 0.997988 -1.32605 0.761501
9660 1.01345 -1.34168 0.694696
9670 1.00286 -1.33004 0.725748
9680 1.04237 -1.3266 0.75457
9690 0.969946 -1.31353 0.774635
9700 1.01944 -1.30875 0.836766
9710 1.01513 -1.31047 0.827845
9720 1.02078 -1.31635 0.819254
9730 1.02615 -1.30596 0.858483
9740 0.988878 -1.31001 0.81512
9750 1.06326 -1.32875 0.778445
9760 1.00382 -1.31915 0.815593
9770 1.04984 -1.31472 0.87133
9780 1.03812 -1.28772 0.980117
9790 1.03915 -1.31652 0.869989
9800 1.01303 -1.31022 0.873189
9810 0.977343 -1.30762 0.852661
9820 0.994797 -1.30858 0.825915
9830 0.99975 -1.29791 0.82809
9840 1.01515 -1.29971 0.822907
9850 1.00288 -1.31549 0.774385
9860 1.03244 -1.32085 0.794104
9870 1.03939 -1.30472 0.86959
9880 1.00457 -1.29293 0.909883
9890 0.982718 -1.31298 0.821543
9900 0.998766 -1.32926 0.763964
9910 0.974436 -1.33051 0.743644
9920 0.972129 -1.32771 0.752131
9930 1.01275 -1.29628 0.884856
9940 1.03596 -1.30253 0.885099
9950 1.00312 -1.29564 0.897507
9960 1.03887 -1.29906 0.885376
9970 1.01236 -1.30938 0.824377
9980 0.994589 -1.31675 0.773929
9990 1.01219 -1.3158 0.755025
10000 1.01458 -1.34349 0.62727
10010 0.96494 -1.34943 0.556537
10020 0.93394 -1.33258 0.601099
10030 0.943964 -1.32178 0.642866
10040 1.01777 -1.3294 0.652335
10050 0.991187 -1.34023 0.603229
10060 1.01107 -1.33311 0.65651
10070 1.02042 -1.30703 0.749996
10080 1.03065 -1.29647 0.776679
