# Time-averaged data for fix at2
# TimeStep f_mysf1[1] f_mysf2[1]
1000 -1.12264e-15 -1.12264e-15
2000 -1.18144e-10 -1.18144e-10
3000 1.91082e-15 1.91082e-15
4000 5.89341e-15 5.89341e-15
5000 -7.92397e-17 -7.92397e-17
6000 -2.46665e-15 -2.46665e-15
7000 -1.11011e-15 -1.11011e-15
8000 2.7669e-15 2.7669e-15
9000 -2.35909e-16 -2.35909e-16
10000 -6.06496e-15 -6.06496e-15
11000 6.8757e-17 6.8757e-17
12000 -1.91775e-15 -1.91775e-15
13000 -5.10346e-15 -5.10346e-15
14000 -2.01552e-15 -2.01552e-15
15000 1.12829e-15 1.12829e-15
16000 -4.45779e-15 -4.45779e-15
17000 -1.31715e-15 -1.31715e-15
18000 -1.25593e-15 -1.25593e-15
19000 1.96397e-15 1.96397e-15
20000 3.38795e-15 3.38795e-15
21000 -4.95291e-15 -4.95291e-15
22000 -2.94903e-17 -2.94903e-17
23000 4.85047e-15 4.85047e-15
24000 4.16332e-15 4.16332e-15
25000 -2.25408e-15 -2.25408e-15
26000 1.54612e-15 1.54612e-15
27000 -3.6225e-15 -3.6225e-15
28000 -1.31489e-15 -1.31489e-15
29000 2.7975e-15 2.7975e-15
30000 4.64862e-16 4.64862e-16
31000 4.08735e-15 4.08735e-15
32000 -1.99692e-15 -1.99692e-15
33000 -4.79199e-15 -4.79199e-15
34000 2.29668e-15 2.29668e-15
35000 2.77353e-15 2.77353e-15
36000 -1.16753e-15 -1.16753e-15
37000 -1.72256e-15 -1.72256e-15
38000 -3.34049e-15 -3.34049e-15
39000 -7.39388e-15 -7.39388e-15
40000 -3.53184e-15 -3.53184e-15
41000 -2.54836e-15 -2.54836e-15
42000 1.5744e-15 1.5744e-15
43000 -4.02164e-15 -4.02164e-15
44000 5.95509e-16 5.95509e-16
45000 -7.79919e-16 -7.79919e-16
46000 1.07003e-15 1.07003e-15
47000 4.33444e-15 4.33444e-15
48000 -2.60522e-15 -2.60522e-15
49000 6.23928e-15 6.23928e-15
50000 -1.76507e-15 -1.76507e-15
51000 4.68933e-16 4.68933e-16
52000 3.77395e-17 3.77395e-17
53000 -4.1259e-15 -4.1259e-15
54000 6.94575e-16 6.94575e-16
55000 -6.6841e-15 -6.6841e-15
56000 1.64998e-15 1.64998e-15
57000 4.06064e-16 4.06064e-16
58000 -4.33763e-16 -4.33763e-16
59000 -2.70528e-15 -2.70528e-15
60000 -5.18922e-15 -5.18922e-15
61000 1.20431e-15 1.20431e-15
62000 -1.78818e-15 -1.78818e-15
63000 -1.22487e-15 -1.22487e-15
64000 2.44746e-15 2.44746e-15
65000 -2.68138e-15 -2.68138e-15
66000 1.47652e-15 1.47652e-15
67000 -2.63921e-16 -2.63921e-16
68000 3.05283e-15 3.05283e-15
69000 -7.17227e-15 -7.17227e-15
70000 -1.49858e-15 -1.49858e-15
71000 -2.03948e-15 -2.03948e-15
72000 -1.38264e-15 -1.38264e-15
73000 -7.2381e-15 -7.2381e-15
74000 -2.07057e-15 -2.07057e-15
75000 -3.97016e-15 -3.97016e-15
76000 -1.10627e-15 -1.10627e-15
77000 -1.25261e-15 -1.25261e-15
78000 9.85843e-16 9.85843e-16
79000 -4.47333e-15 -4.47333e-15
80000 2.81034e-16 2.81034e-16
81000 2.02088e-15 2.02088e-15
82000 2.65233e-15 2.65233e-15
83000 4.13072e-16 4.13072e-16
84000 -1.78677e-15 -1.78677e-15
85000 3.15477e-15 3.15477e-15
86000 1.63857e-15 1.63857e-15
87000 2.6877e-15 2.6877e-15
88000 -5.10524e-15 -5.10524e-15
89000 4.66193e-15 4.66193e-15
90000 -1.77696e-16 -1.77696e-16
91000 3.49189e-15 3.49189e-15
92000 4.02025e-15 4.02025e-15
93000 -8.10605e-16 -8.10605e-16
94000 1.65864e-15 1.65864e-15
95000 -6.88217e-15 -6.88217e-15
96000 -1.94471e-15 -1.94471e-15
97000 -2.63532e-15 -2.63532e-15
98000 2.25136e-15 2.25136e-15
99000 2.29278e-15 2.29278e-15
100000 6.77704e-16 6.77704e-16
101000 3.78274e-16 3.78274e-16
102000 1.07364e-15 1.07364e-15
103000 -2.26574e-16 -2.26574e-16
104000 1.00286e-15 1.00286e-15
105000 5.0307e-17 5.0307e-17
106000 4.22579e-16 4.22579e-16
107000 -4.2419e-15 -4.2419e-15
108000 2.84451e-16 2.84451e-16
109000 1.25437e-15 1.25437e-15
110000 -4.08642e-15 -4.08642e-15
111000 1.78199e-15 1.78199e-15
112000 3.35267e-15 3.35267e-15
113000 -9.52658e-16 -9.52658e-16
114000 -2.52074e-15 -2.52074e-15
115000 -9.61058e-16 -9.61058e-16
116000 -4.02446e-15 -4.02446e-15
117000 -2.29746e-15 -2.29746e-15
118000 2.48556e-15 2.48556e-15
119000 4.81976e-16 4.81976e-16
120000 5.82485e-16 5.82485e-16
121000 -2.63151e-15 -2.63151e-15
122000 -3.05193e-15 -3.05193e-15
123000 -5.35721e-15 -5.35721e-15
124000 1.54661e-15 1.54661e-15
125000 -4.047e-15 -4.047e-15
126000 1.06885e-15 1.06885e-15
127000 -1.19655e-15 -1.19655e-15
128000 2.36675e-15 2.36675e-15
129000 4.5128e-15 4.5128e-15
130000 6.65787e-17 6.65787e-17
131000 1.99143e-15 1.99143e-15
132000 4.80643e-15 4.80643e-15
133000 3.96808e-15 3.96808e-15
134000 6.51215e-17 6.51215e-17
135000 -1.30292e-15 -1.30292e-15
136000 1.56751e-15 1.56751e-15
137000 -4.03323e-16 -4.03323e-16
138000 3.01096e-16 3.01096e-16
139000 -1.37239e-15 -1.37239e-15
140000 -2.08784e-15 -2.08784e-15
141000 -3.98785e-15 -3.98785e-15
142000 -6.00232e-16 -6.00232e-16
143000 1.84278e-15 1.84278e-15
144000 1.85212e-15 1.85212e-15
145000 -3.30213e-15 -3.30213e-15
146000 8.05432e-16 8.05432e-16
147000 2.55034e-15 2.55034e-15
148000 -6.85771e-16 -6.85771e-16
149000 1.14765e-15 1.14765e-15
150000 -4.81036e-15 -4.81036e-15
151000 -1.67583e-16 -1.67583e-16
152000 -4.08226e-15 -4.08226e-15
153000 -1.0191e-15 -1.0191e-15
154000 1.55369e-15 1.55369e-15
155000 -3.40442e-15 -3.40442e-15
156000 4.51757e-15 4.51757e-15
157000 2.60058e-15 2.60058e-15
158000 4.52773e-15 4.52773e-15
159000 -3.05445e-15 -3.05445e-15
160000 -8.33639e-16 -8.33639e-16
161000 -7.29828e-15 -7.29828e-15
162000 -4.10313e-15 -4.10313e-15
163000 -2.13457e-15 -2.13457e-15
164000 2.98575e-15 2.98575e-15
165000 4.30337e-16 4.30337e-16
166000 3.91157e-15 3.91157e-15
167000 -5.07008e-16 -5.07008e-16
168000 2.95642e-15 2.95642e-15
169000 -4.56919e-15 -4.56919e-15
170000 -8.17384e-16 -8.17384e-16
171000 4.41073e-15 4.41073e-15
172000 1.50487e-15 1.50487e-15
173000 -1.04833e-15 -1.04833e-15
174000 -1.05901e-15 -1.05901e-15
175000 -7.4241e-16 -7.4241e-16
176000 -2.70211e-15 -2.70211e-15
177000 -2.3709e-15 -2.3709e-15
178000 4.57102e-15 4.57102e-15
179000 2.27995e-15 2.27995e-15
180000 5.14234e-15 5.14234e-15
181000 -4.31512e-16 -4.31512e-16
182000 1.89957e-15 1.89957e-15
183000 5.33067e-15 5.33067e-15
184000 6.04909e-15 6.04909e-15
185000 -2.38367e-15 -2.38367e-15
186000 9.88068e-16 9.88068e-16
187000 3.89033e-15 3.89033e-15
188000 3.02e-15 3.02e-15
189000 2.54377e-16 2.54377e-16
190000 6.31925e-16 6.31925e-16
191000 -2.3274e-15 -2.3274e-15
192000 -2.06466e-15 -2.06466e-15
193000 2.07892e-15 2.07892e-15
194000 -2.41617e-15 -2.41617e-15
195000 1.81883e-15 1.81883e-15
196000 -1.54257e-15 -1.54257e-15
197000 -4.56891e-16 -4.56891e-16
198000 -5.45848e-16 -5.45848e-16
199000 3.07136e-15 3.07136e-15
200000 -1.24982e-15 -1.24982e-15
201000 -5.44103e-15 -5.44103e-15
202000 1.35095e-15 1.35095e-15
203000 -1.68849e-15 -1.68849e-15
204000 1.52801e-15 1.52801e-15
205000 4.15713e-15 4.15713e-15
206000 4.30438e-15 4.30438e-15
207000 -2.19375e-15 -2.19375e-15
208000 1.72754e-15 1.72754e-15
209000 2.62878e-15 2.62878e-15
210000 4.04913e-15 4.04913e-15
211000 4.91324e-15 4.91324e-15
212000 3.46728e-16 3.46728e-16
213000 4.58805e-15 4.58805e-15
214000 -4.08918e-16 -4.08918e-16
215000 -1.87957e-15 -1.87957e-15
216000 -3.66633e-15 -3.66633e-15
217000 1.69592e-15 1.69592e-15
218000 -3.23335e-16 -3.23335e-16
219000 1.61051e-15 1.61051e-15
220000 6.12899e-16 6.12899e-16
221000 7.36251e-16 7.36251e-16
222000 -3.28472e-15 -3.28472e-15
223000 1.11335e-15 1.11335e-15
224000 3.50773e-15 3.50773e-15
225000 -6.55205e-16 -6.55205e-16
226000 7.59367e-16 7.59367e-16
227000 -1.13267e-15 -1.13267e-15
228000 2.34222e-16 2.34222e-16
229000 4.28026e-16 4.28026e-16
230000 6.10529e-16 6.10529e-16
231000 3.98434e-15 3.98434e-15
232000 4.29969e-16 4.29969e-16
233000 1.18499e-15 1.18499e-15
234000 -1.07119e-16 -1.07119e-16
235000 -1.48166e-15 -1.48166e-15
236000 -3.9492e-15 -3.9492e-15
237000 -7.59746e-15 -7.59746e-15
238000 9.86711e-16 9.86711e-16
239000 -5.26457e-15 -5.26457e-15
240000 5.23852e-15 5.23852e-15
241000 4.08899e-15 4.08899e-15
242000 3.31243e-15 3.31243e-15
243000 -6.03777e-15 -6.03777e-15
244000 4.37199e-15 4.37199e-15
245000 -6.38274e-16 -6.38274e-16
246000 -3.54432e-15 -3.54432e-15
247000 -2.10247e-15 -2.10247e-15
248000 3.44108e-16 3.44108e-16
249000 -1.92441e-15 -1.92441e-15
250000 -9.25928e-16 -9.25928e-16
251000 -2.95614e-16 -2.95614e-16
252000 -2.52237e-15 -2.52237e-15
253000 -3.36516e-15 -3.36516e-15
254000 -1.32949e-16 -1.32949e-16
255000 -1.11265e-15 -1.11265e-15
